5126522
5119174
5122324
5150303
5110326
5018827
5087159
1237u012
5155108
5144985
5165766
5049254
5063834
5095039
5053062
5102377
5018911
5010969
5198912
5024161
5105425
5151412
5139878
5103897
5075348
5061696
5141566
5093379
5057052
5094383
5055048
5060198
5189248
5020026
5148827
5150436
5112632
5061564
5062615
5062792
5166801
5199709
5093759
5022842
6192562
6117032
6117162
6181786
6182033
6110065
6196640
6151919
6104290
6197245
6179340
6179045
6126326
6115740
6106302
6191650
6142867
6171357
6188459
6162986
6197024
6101165
6106919
6174918
6183992
6102580
